551
552
554
601
602
610
612
617
622
624
624
625
627
627
628
630
630
630
631
632
632
633
633
635
637
637
646
651
651
653
656
657
701
704
705
706
706
706
707
708
710
710
711
711
711
712
712
712
712
712
714
714
715
716
718
719
719
720
721
724
724
725
725
726
727
729
732
733
733
733
733
733
733
733
733
733
734
734
734
734
734
735
736
737
737
738
738
739
740
740
740
740
741
741
743
744
744
744
745
747
747
747
749
749
749
749
749
750
751
752
752
754
754
756
757
757
758
758
759
759
801
802
803
804
805
805
807
807
809
811
811
812
813
815
815
816
816
817
819
819
821
822
822
823
825
826
826
827
827
828
828
828
829
830
831
831
831
832
832
836
837
838
838
838
840
840
841
841
841
842
842
844
844
844
844
844
845
845
846
846
847
849
851
852
852
852
852
853
853
854
854
854
857
857
857
857
857
857
857
857
859
859
900
903
904
904
904
905
905
907
907
907
907
907
907
908
909
910
910
911
911
912
912
912
913
913
914
914
914
915
915
915
916
917
918
919
920
921
922
922
924
925
925
926
926
927
927
928
929
929
929
929
929
930
930
930
931
931
932
932
932
932
932
934
935
935
935
936
936
936
937
939
940
940
940
941
941
941
943
943
943
943
944
944
944
944
944
945
946
946
947
947
947
947
947
948
948
949
949
949
949
950
950
950
950
951
951
952
952
952
953
953
953
954
954
956
956
957
957
957
958
958
958
958
959
959
959
959
1000
1001
1001
1002
1002
1002
1002
1002
1002
1002
1003
1003
1003
1003
1004
1004
1004
1005
1005
1005
1005
1005
1005
1006
1006
1007
1007
1007
1008
1008
1008
1009
1010
1010
1010
1010
1011
1011
1011
1011
1011
1012
1012
1012
1012
1012
1012
1012
1013
1013
1013
1013
1013
1014
1014
1015
1015
1016
1016
1016
1016
1017
1017
1017
1017
1017
1017
1017
1017
1017
1017
1017
1017
1017
1018
1018
1018
1018
1018
1019
1019
1019
1019
1020
1021
1022
1022
1022
1023
1023
1023
1023
1023
1023
1024
1024
1024
1025
1025
1026
1027
1027
1028
1028
1028
1028
1028
1028
1029
1029
1029
1029
1029
1029
1030
1030
1030
1031
1031
1032
1032
1032
1032
1033
1033
1033
1034
1034
1034
1034
1035
1035
1035
1036
1036
1036
1037
1037
1037
1037
1038
1038
1038
1038
1038
1039
1039
1040
1040
1040
1040
1040
1041
1041
1041
1041
1041
1042
1042
1042
1043
1044
1044
1044
1044
1044
1045
1045
1045
1047
1047
1047
1047
1047
1047
1047
1047
1047
1047
1048
1048
1048
1048
1049
1049
1049
1049
1049
1049
1049
1049
1050
1050
1050
1050
1052
1052
1052
1052
1053
1053
1053
1054
1055
1055
1055
1055
1056
1056
1056
1057
1057
1057
1057
1057
1058
1058
1058
1058
1059
1059
1059
1059
1100
1100
1100
1101
1101
1101
1101
1101
1102
1102
1102
1103
1104
1104
1104
1104
1105
1106
1106
1106
1106
1106
1107
1107
1107
1107
1107
1107
1108
1108
1108
1108
1108
1108
1108
1109
1109
1109
1109
1109
1110
1110
1110
1110
1110
1110
1110
1110
1111
1111
1111
1111
1111
1111
1112
1112
1112
1113
1113
1113
1113
1114
1114
1114
1114
1114
1114
1114
1114
1114
1114
1114
1115
1115
1115
1115
1115
1115
1115
1115
1115
1116
1116
1116
1116
1116
1117
1117
1117
1117
1118
1118
1118
1118
1119
1119
1119
1120
1120
1120
1120
1120
1120
1121
1121
1121
1121
1122
1122
1122
1123
1123
1123
1123
1123
1123
1123
1123
1123
1124
1124
1124
1124
1124
1125
1125
1125
1125
1125
1125
1126
1126
1127
1128
1128
1128
1128
1129
1129
1129
1129
1129
1129
1130
1130
1130
1130
1130
1131
1131
1131
1131
1131
1131
1131
1131
1131
1132
1132
1132
1133
1133
1133
1133
1133
1133
1133
1134
1134
1134
1134
1134
1134
1134
1134
1134
1134
1134
1134
1134
1134
1135
1135
1135
1135
1135
1135
1135
1135
1136
1136
1136
1136
1136
1136
1136
1136
1136
1137
1137
1137
1137
1137
1137
1138
1138
1138
1138
1138
1138
1138
1138
1138
1138
1139
1139
1139
1139
1139
1139
1139
1139
1139
1139
1139
1139
1140
1140
1140
1140
1140
1140
1140
1140
1140
1140
1140
1141
1141
1141
1141
1141
1141
1141
1141
1141
1142
1142
1142
1142
1142
1142
1142
1142
1142
1142
1142
1143
1143
1143
1143
1143
1143
1143
1143
1143
1143
1143
1143
1143
1143
1143
1143
1143
1143
1144
1144
1144
1144
1144
1144
1144
1144
1144
1144
1144
1144
1144
1145
1145
1145
1145
1145
1145
1145
1145
1146
1146
1146
1146
1146
1146
1146
1146
1146
1146
1146
1146
1147
1147
1147
1147
1147
1147
1147
1147
1147
1148
1148
1148
1148
1148
1148
1148
1148
1148
1148
1148
1148
1148
1148
1149
1149
1149
1149
1149
1149
1149
1149
1149
1149
1149
1149
1149
1150
1150
1150
1150
1150
1150
1150
1150
1150
1150
1150
1151
1151
1151
1151
1151
1151
1151
1151
1151
1151
1151
1151
1151
1151
1151
1151
1151
1151
1151
1151
1152
1152
1152
1152
1152
1152
1152
1152
1152
1152
1152
1152
1152
1153
1153
1153
1153
1153
1153
1153
1153
1153
1153
1153
1153
1153
1154
1154
1154
1154
1154
1154
1154
1154
1154
1154
1154
1154
1154
1154
1154
1154
1154
1154
1154
1154
1155
1155
1155
1155
1155
1155
1155
1155
1155
1155
1155
1155
1155
1155
1155
1155
1155
1155
1155
1155
1155
1155
1155
1155
1155
1156
1156
1156
1156
1156
1156
1156
1156
1156
1156
1156
1156
1156
1156
1156
1156
1156
1156
1156
1156
1156
1157
1157
1157
1157
1157
1157
1157
1157
1157
1157
1157
1157
1157
1157
1157
1157
1157
1157
1157
1157
1157
1157
1157
1157
1158
1158
1158
1158
1158
1158
1158
1158
1158
1158
1158
1158
1158
1158
1158
1158
1158
1158
1158
1158
1158
1158
1158
1158
1158
1158
1158
1158
1159
1159
1159
1159
1159
1159
1159
1159
1159
1159
1159
1159
1159
1159
1159
1159
1159
1159
1159
1159
1159
1159
1159
1159
1159
1159
1159
1159
1159
1159
1159
1159
1159
1159
1159
1200
1200
1200
1200
1200
1200
1200
1200
1200
1200
1200
1200
1200
1200
1200
1200
1200
1200
1200
1200
1200
1200
1200
1200
1200
1200
1200
1200
1200
1200
1200
1200
1200
1200
1200
1200
1200
1200
1200
1200
1200
1200
1200
1200
1200
1200
1200
1200
1200
1201
1201
1201
1201
1201
1201
1201
1201
1201
1201
1201
1201
1201
1201
1201
1201
1201
1201
1201
1201
1201
1201
1201
1201
1201
1201
1201
1201
1201
1201
1201
1201
1201
1201
1201
1201
1201
1201
1201
1201
1201
1201
1201
1201
1201
1201
1201
1201
1201
1201
1202
1202
1202
1202
1202
1202
1202
1202
1202
1202
1202
1202
1202
1202
1202
1202
1202
1202
1202
1202
1202
1202
1202
1202
1202
1202
1202
1202
1202
1202
1202
1202
1202
1202
1202
1202
1202
1202
1202
1202
1202
1202
1202
1202
1202
1202
1202
1202
1202
1202
1202
1202
1202
1202
1202
1202
1202
1203
1203
1203
1203
1203
1203
1203
1203
1203
1203
1203
1203
1203
1203
1203
1203
1203
1203
1203
1203
1203
1203
1203
1203
1203
1203
1203
1203
1203
1203
1203
1203
1203
1203
1203
1203
1203
1203
1203
1203
1203
1203
1203
1203
1203
1203
1203
1203
1203
1203
1203
1203
1203
1203
1203
1203
1203
1203
1203
1203
1203
1203
1203
1203
1203
1203
1203
1203
1203
1203
1203
1203
1203
1203
1203
1203
1203
1203
1203
1203
1203
1203
1203
1203
1203
1203
1203
1203
1203
1203
1203
1203
1204
1204
1204
1204
1204
1204
1204
1204
1204
1204
1204
1204
1204
1204
1204
1204
1204
1204
1204
1204
1204
1204
1204
1204
1204
1204
1204
1204
1204
1204
1204
1204
1204
1204
1204
1204
1204
1204
1204
1204
1204
1204
1204
1204
1204
1204
1204
1204
1204
1204
1204
1204
1204
1204
1204
1204
1204
1204
1204
1204
1204
1204
1204
1204
1204
1204
1204
1204
1204
1204
1204
1204
1204
1204
1204
1204
1204
1204
1204
1204
1204
1204
1204
1204
1204
1204
1204
1204
1204
1204
1204
1204
1204
1204
1204
1204
1205
1205
1205
1205
1205
1205
1205
1205
1205
1205
1205
1205
1205
1205
1205
1205
1205
1205
1205
1205
1205
1205
1205
1205
1205
1205
1205
1205
1205
1205
1205
1205
1205
1205
1205
1205
1205
1205
1205
1205
1205
1205
1205
1205
1205
1205
1205
1205
1205
1205
1205
1205
1205
1205
1205
1205
1205
1205
1205
1205
1205
1205
1205
1205
1205
1205
1205
1205
1205
1205
1205
1205
1205
1205
1205
1205
1205
1205
1205
1205
1205
1205
1205
1205
1205
1205
1205
1205
1205
1205
1205
1205
1205
1205
1205
1205
1205
1205
1205
1205
1205
1205
1205
1205
1205
1205
1205
1205
1205
1205
1205
1205
1205
1205
1205
1205
1205
1205
1205
1205
1205
1206
1206
1206
1206
1206
1206
1206
1206
1206
1206
1206
1206
1206
1206
1206
1206
1206
1206
1206
1206
1206
1206
1206
1206
1206
1206
1206
1206
1206
1206
1206
1206
1206
1206
1206
1206
1206
1206
1206
1206
1206
1206
1206
1206
1206
1206
1206
1206
1206
1206
1206
1206
1206
1206
1206
1206
1206
1206
1206
1206
1206
1206
1206
1206
1206
1206
1206
1206
1206
1206
1206
1206
1206
1206
1206
1206
1206
1206
1206
1206
1206
1206
1206
1206
1206
1206
1206
1206
1206
1206
1206
1206
1206
1206
1206
1206
1206
1206
1206
1206
1206
1206
1206
1206
1206
1206
1206
1206
1206
1206
1206
1206
1206
1206
1206
1206
1206
1206
1206
1206
1206
1206
1206
1206
1206
1206
1206
1206
1206
1207
1207
1207
1207
1207
1207
1207
1207
1207
1207
1207
1207
1207
1207
1207
1207
1207
1207
1207
1207
1207
1207
1207
1207
1207
1207
1207
1207
1207
1207
1207
1207
1207
1207
1207
1207
1207
1207
1207
1207
1207
1207
1207
1207
1207
1207
1207
1207
1207
1207
1207
1207
1207
1207
1207
1207
1207
1207
1207
1207
1207
1207
1207
1207
1207
1207
1207
1207
1207
1207
1207
1207
1207
1207
1207
1207
1207
1207
1207
1207
1207
1207
1207
1207
1207
1207
1207
1207
1207
1207
1207
1207
1207
1207
1207
1207
1207
1207
1207
1207
1207
1207
1207
1207
1207
1207
1207
1207
1207
1207
1207
1207
1207
1207
1207
1207
1207
1207
1207
1207
1207
1207
1207
1207
1207
1207
1207
1207
1207
1207
1207
1207
1207
1207
1207
1207
1207
1207
1207
1207
1207
1208
1208
1208
1208
1208
1208
1208
1208
1208
1208
1208
1208
1208
1208
1208
1208
1208
1208
1208
1208
1208
1208
1208
1208
1208
1208
1208
1208
1208
1208
1208
1208
1208
1208
1208
1208
1208
1208
1208
1208
1208
1208
1208
1208
1208
1208
1208
1208
1208
1208
1208
1208
1208
1208
1208
1208
1208
1208
1208
1208
1208
1208
1208
1208
1208
1208
1208
1208
1208
1208
1208
1208
1208
1208
1208
1208
1208
1208
1208
1208
1208
1208
1208
1208
1208
1208
1208
1208
1208
1208
1208
1208
1208
1208
1208
1208
1208
1208
1208
1208
1208
1208
1208
1208
1208
1208
1208
1209
1209
1209
1209
1209
1209
1209
1209
1209
1209
1209
1209
1209
1209
1209
1209
1209
1209
1209
1209
1209
1209
1209
1209
1209
1209
1209
1209
1209
1209
1209
1209
1209
1209
1209
1209
1209
1209
1209
1209
1209
1209
1209
1209
1209
1209
1209
1209
1209
1209
1209
1209
1209
1209
1209
1209
1209
1209
1209
1209
1209
1209
1209
1209
1209
1209
1209
1209
1209
1209
1209
1209
1209
1209
1209
1209
1209
1209
1209
1209
1209
1209
1209
1209
1209
1209
1209
1209
1209
1209
1209
1209
1209
1209
1209
1209
1209
1209
1209
1209
1209
1209
1209
1209
1209
1209
1209
1209
1209
1209
1209
1209
1209
1209
1209
1209
1209
1210
1210
1210
1210
1210
1210
1210
1210
1210
1210
1210
1210
1210
1210
1210
1210
1210
1210
1210
1210
1210
1210
1210
1210
1210
1210
1210
1210
1210
1210
1210
1210
1210
1210
1210
1210
1210
1210
1210
1210
1210
1210
1210
1210
1210
1210
1210
1210
1210
1210
1210
1210
1210
1210
1210
1210
1210
1210
1210
1210
1210
1210
1210
1210
1210
1210
1210
1210
1210
1210
1210
1210
1210
1210
1210
1210
1210
1210
1210
1210
1210
1210
1210
1210
1210
1210
1210
1210
1210
1210
1210
1210
1210
1210
1210
1210
1210
1211
1211
1211
1211
1211
1211
1211
1211
1211
1211
1211
1211
1211
1211
1211
1211
1211
1211
1211
1211
1211
1211
1211
1211
1211
1211
1211
1211
1211
1211
1211
1211
1211
1211
1211
1211
1211
1211
1211
1211
1211
1211
1211
1211
1211
1211
1211
1211
1211
1211
1211
1211
1211
1211
1211
1211
1211
1211
1211
1211
1211
1211
1211
1211
1211
1211
1211
1211
1211
1211
1211
1211
1211
1211
1211
1212
1212
1212
1212
1212
1212
1212
1212
1212
1212
1212
1212
1212
1212
1212
1212
1212
1212
1212
1212
1212
1212
1212
1212
1212
1212
1212
1212
1212
1212
1212
1212
1212
1212
1212
1212
1212
1212
1212
1212
1212
1212
1212
1212
1212
1212
1212
1212
1212
1212
1212
1212
1212
1212
1212
1212
1212
1212
1212
1212
1212
1212
1212
1212
1212
1212
1212
1212
1212
1212
1212
1212
1212
1212
1212
1212
1212
1213
1213
1213
1213
1213
1213
1213
1213
1213
1213
1213
1213
1213
1213
1213
1213
1213
1213
1213
1213
1213
1213
1213
1213
1213
1213
1213
1213
1213
1213
1213
1213
1213
1213
1213
1213
1213
1213
1213
1213
1213
1213
1213
1213
1213
1213
1213
1213
1213
1213
1213
1213
1213
1213
1213
1213
1213
1213
1213
1213
1213
1213
1213
1213
1213
1213
1213
1213
1213
1213
1214
1214
1214
1214
1214
1214
1214
1214
1214
1214
1214
1214
1214
1214
1214
1214
1214
1214
1214
1214
1214
1214
1214
1214
1214
1214
1214
1214
1214
1214
1214
1214
1214
1214
1214
1214
1214
1214
1214
1214
1214
1214
1214
1214
1214
1214
1214
1214
1214
1214
1214
1215
1215
1215
1215
1215
1215
1215
1215
1215
1215
1215
1215
1215
1215
1215
1215
1215
1215
1215
1215
1215
1215
1215
1215
1215
1215
1215
1215
1215
1215
1215
1215
1215
1215
1215
1215
1215
1215
1215
1215
1215
1215
1215
1215
1215
1216
1216
1216
1216
1216
1216
1216
1216
1216
1216
1216
1216
1216
1216
1216
1216
1216
1216
1216
1216
1216
1216
1216
1216
1216
1216
1216
1216
1216
1216
1216
1216
1217
1217
1217
1217
1217
1217
1217
1217
1217
1217
1217
1217
1217
1217
1217
1217
1217
1217
1217
1217
1217
1217
1217
1217
1217
1218
1218
1218
1218
1218
1218
1218
1218
1218
1218
1218
1218
1218
1218
1218
1218
1218
1218
1218
1218
1218
1218
1218
1218
1218
1218
1218
1218
1218
1218
1218
1218
1218
1218
1219
1219
1219
1219
1219
1219
1219
1219
1219
1219
1219
1219
1219
1219
1219
1219
1219
1219
1219
1219
1219
1219
1219
1219
1219
1219
1219
1219
1219
1219
1219
1219
1219
1219
1219
1219
1220
1220
1220
1220
1220
1220
1220
1220
1220
1220
1220
1220
1220
1220
1220
1220
1220
1220
1220
1220
1221
1221
1221
1221
1221
1221
1221
1221
1221
1221
1221
1221
1221
1221
1221
1221
1221
1221
1222
1222
1222
1222
1222
1222
1222
1222
1222
1222
1223
1223
1223
1223
1223
1223
1223
1223
1223
1223
1223
1223
1223
1223
1223
1223
1223
1223
1223
1223
1224
1224
1224
1224
1224
1224
1224
1224
1224
1224
1224
1224
1224
1224
1224
1224
1225
1225
1225
1225
1225
1225
1225
1226
1226
1226
1226
1226
1226
1226
1226
1226
1226
1226
1226
1227
1227
1227
1227
1227
1227
1227
1227
1228
1228
1228
1228
1228
1228
1228
1228
1229
1229
1229
1229
1229
1229
1229
1230
1230
1230
1230
1230
1230
1230
1231
1231
1231
1231
1231
1231
1231
1231
1231
1231
1232
1232
1232
1232
1232
1232
1232
1232
1232
1233
1233
1233
1233
1233
1233
1233
1233
1233
1233
1233
1233
1234
1234
1234
1234
1234
1235
1235
1235
1235
1235
1235
1236
1236
1236
1236
1237
1237
1237
1237
1237
1238
1238
1238
1238
1238
1239
1239
1239
1239
1240
1240
1240
1241
1241
1241
1241
1241
1242
1242
1242
1242
1242
1243
1243
1243
1243
1243
1243
1243
1244
1244
1244
1244
1244
1245
1245
1245
1245
1246
1246
1246
1246
1246
1247
1247
1247
1247
1248
1249
1249
1249
1250
1250
1251
1252
1253
1253
1254
1254
1254
1255
1255
1255
1256
1256
1256
1257
1257
1258
1258
1259
1259
1300
1300
1301
1301
1302
1303
1303
1303
1303
1303
1304
1304
1304
1304
1304
1306
1306
1306
1306
1307
1308
1308
1309
1309
1309
1309
1310
1310
1310
1310
1311
1311
1312
1313
1313
1313
1314
1314
1314
1314
1314
1315
1316
1316
1316
1317
1317
1317
1317
1317
1317
1317
1318
1318
1320
1320
1321
1323
1323
1324
1324
1324
1325
1325
1325
1325
1325
1326
1326
1326
1327
1327
1328
1328
1329
1329
1330
1330
1330
1331
1332
1332
1332
1334
1334
1336
1336
1338
1338
1338
1338
1339
1339
1339
1339
1339
1340
1340
1340
1340
1341
1341
1341
1341
1342
1342
1342
1342
1342
1343
1343
1344
1344
1345
1345
1345
1345
1345
1345
1346
1346
1346
1347
1347
1347
1347
1347
1347
1347
1347
1348
1348
1348
1348
1348
1350
1350
1350
1350
1351
1351
1354
1354
1355
1355
1356
1356
1356
1357
1358
1358
1358
1358
1359
1359
1359
1359
1400
1402
1403
1403
1403
1403
1403
1403
1403
1404
1404
1406
1407
1407
1407
1408
1408
1408
1408
1408
1409
1409
1410
1410
1411
1413
1413
1415
1415
1415
1415
1416
1416
1416
1416
1416
1417
1418
1418
1419
1419
1419
1419
1419
1420
1420
1421
1421
1421
1422
1422
1423
1424
1424
1424
1425
1425
1425
1426
1426
1426
1426
1426
1427
1427
1427
1427
1427
1427
1428
1428
1428
1428
1428
1429
1429
1429
1429
1429
1430
1430
1430
1430
1431
1431
1431
1431
1431
1431
1431
1431
1431
1431
1431
1432
1432
1432
1432
1432
1432
1432
1432
1433
1433
1433
1433
1433
1433
1433
1433
1433
1433
1433
1433
1434
1434
1434
1434
1434
1434
1434
1434
1434
1434
1434
1434
1435
1435
1435
1435
1435
1435
1435
1435
1436
1436
1436
1436
1436
1436
1436
1436
1436
1436
1437
1437
1437
1437
1437
1437
1437
1437
1437
1438
1438
1438
1438
1438
1438
1438
1438
1438
1439
1439
1439
1439
1439
1439
1439
1439
1439
1440
1440
1440
1440
1440
1440
1440
1441
1441
1441
1441
1441
1442
1442
1442
1442
1442
1443
1443
1443
1443
1443
1443
1443
1443
1444
1444
1444
1444
1444
1444
1445
1445
1445
1445
1446
1446
1447
1447
1447
1447
1448
1448
1449
1449
1449
1450
1451
1451
1451
1452
1452
1453
1453
1454
1454
1454
1454
1455
1455
1456
1457
1457
1457
1457
1457
1457
1458
1458
1459
1459
1459
1459
1500
1501
1501
1501
1502
1503
1503
1503
1504
1504
1505
1505
1505
1506
1506
1506
1506
1506
1506
1507
1507
1507
1507
1507
1507
1508
1508
1508
1508
1508
1508
1508
1508
1509
1510
1510
1510
1511
1512
1512
1514
1514
1515
1515
1515
1516
1516
1517
1517
1517
1517
1518
1518
1519
1521
1522
1522
1522
1522
1522
1523
1523
1523
1523
1523
1524
1525
1525
1525
1525
1525
1525
1526
1526
1526
1527
1527
1528
1528
1528
1529
1529
1529
1530
1530
1530
1531
1531
1531
1531
1531
1531
1532
1533
1533
1533
1534
1534
1534
1534
1534
1535
1535
1536
1536
1536
1536
1536
1537
1537
1538
1538
1538
1538
1538
1538
1539
1540
1540
1541
1542
1542
1543
1544
1544
1544
1544
1544
1545
1545
1546
1546
1546
1546
1546
1547
1547
1547
1548
1548
1548
1548
1551
1551
1551
1551
1552
1552
1552
1553
1553
1553
1553
1554
1555
1555
1556
1556
1556
1557
1558
1558
1558
1558
1558
1559
1559
1559
1559
1559
1559
1600
1600
1600
1600
1601
1601
1601
1602
1603
1603
1604
1604
1604
1604
1605
1605
1605
1605
1605
1605
1605
1605
1605
1605
1605
1605
1605
1605
1606
1606
1606
1606
1606
1606
1606
1607
1608
1608
1608
1608
1608
1608
1608
1609
1609
1609
1609
1609
1610
1610
1610
1610
1610
1610
1611
1611
1611
1611
1611
1612
1612
1612
1612
1612
1612
1612
1613
1613
1613
1613
1613
1614
1614
1614
1614
1614
1614
1615
1615
1615
1615
1615
1615
1615
1616
1616
1616
1616
1616
1617
1617
1617
1617
1618
1619
1620
1620
1621
1621
1621
1621
1621
1622
1622
1623
1623
1623
1623
1623
1624
1624
1625
1625
1625
1625
1626
1626
1626
1626
1626
1626
1627
1627
1627
1627
1627
1627
1627
1627
1628
1628
1628
1628
1628
1628
1628
1628
1628
1629
1629
1629
1629
1629
1630
1630
1630
1630
1630
1630
1630
1630
1631
1631
1631
1631
1631
1631
1631
1631
1631
1631
1632
1632
1632
1632
1632
1632
1632
1632
1632
1632
1632
1632
1632
1632
1632
1633
1633
1633
1633
1633
1633
1633
1633
1633
1633
1633
1633
1633
1633
1633
1633
1633
1633
1634
1634
1634
1634
1634
1634
1634
1634
1634
1634
1634
1634
1634
1634
1634
1635
1635
1635
1635
1635
1635
1635
1635
1635
1635
1635
1635
1635
1635
1635
1635
1635
1635
1636
1636
1636
1636
1636
1636
1636
1636
1636
1636
1637
1637
1637
1637
1637
1637
1637
1637
1637
1637
1637
1637
1637
1637
1637
1637
1637
1637
1637
1637
1637
1637
1637
1638
1638
1638
1638
1638
1638
1638
1638
1638
1638
1638
1638
1638
1638
1638
1638
1638
1638
1638
1638
1638
1638
1638
1638
1639
1639
1639
1639
1639
1639
1639
1639
1639
1639
1639
1639
1639
1639
1639
1639
1639
1640
1640
1640
1640
1640
1640
1640
1640
1640
1640
1640
1640
1640
1640
1640
1640
1641
1641
1641
1641
1641
1641
1641
1641
1641
1641
1641
1641
1641
1641
1641
1641
1641
1641
1641
1642
1642
1642
1642
1642
1642
1642
1642
1642
1642
1642
1642
1642
1643
1643
1643
1643
1643
1643
1643
1643
1643
1643
1643
1643
1643
1643
1643
1643
1644
1644
1644
1644
1644
1644
1644
1645
1645
1645
1645
1645
1645
1645
1645
1645
1645
1645
1645
1645
1645
1645
1645
1645
1645
1645
1645
1645
1645
1645
1645
1645
1645
1646
1646
1646
1646
1646
1646
1646
1646
1646
1646
1646
1646
1646
1646
1646
1647
1647
1647
1647
1647
1647
1647
1647
1647
1647
1648
1648
1648
1648
1648
1648
1648
1648
1648
1648
1648
1648
1648
1648
1648
1648
1649
1649
1649
1649
1649
1649
1649
1649
1649
1649
1649
1649
1650
1650
1650
1650
1650
1650
1650
1650
1650
1650
1650
1650
1650
1650
1650
1650
1650
1650
1650
1650
1651
1651
1651
1651
1651
1651
1651
1651
1651
1651
1651
1651
1652
1652
1652
1652
1652
1652
1652
1652
1652
1653
1653
1653
1653
1653
1653
1653
1653
1653
1653
1653
1653
1654
1654
1654
1654
1654
1654
1655
1655
1655
1655
1655
1655
1655
1655
1655
1655
1655
1655
1656
1656
1656
1656
1656
1656
1656
1656
1656
1656
1656
1657
1657
1657
1657
1657
1657
1657
1658
1658
1658
1658
1658
1658
1659
1659
1659
1659
1659
1659
1659
1659
1659
1659
1659
1700
1700
1700
1700
1700
1700
1700
1700
1700
1700
1700
1701
1701
1701
1701
1701
1701
1701
1701
1701
1701
1701
1701
1702
1702
1702
1702
1702
1702
1702
1702
1702
1702
1703
1703
1703
1703
1703
1704
1704
1704
1704
1704
1704
1704
1704
1704
1704
1705
1705
1705
1705
1705
1705
1705
1705
1705
1705
1705
1706
1706
1706
1706
1706
1706
1706
1706
1707
1707
1707
1707
1707
1707
1707
1707
1707
1707
1707
1707
1708
1708
1709
1709
1709
1709
1709
1709
1710
1710
1710
1710
1710
1710
1711
1711
1711
1711
1711
1711
1711
1711
1711
1711
1711
1711
1712
1712
1712
1712
1713
1713
1713
1713
1713
1713
1714
1714
1714
1714
1714
1714
1714
1714
1714
1714
1714
1714
1715
1715
1715
1715
1715
1715
1715
1716
1716
1716
1716
1716
1716
1717
1717
1717
1717
1717
1718
1718
1718
1718
1718
1718
1718
1718
1719
1719
1719
1719
1719
1719
1719
1719
1719
1719
1719
1719
1720
1720
1720
1720
1720
1720
1720
1721
1721
1721
1721
1721
1721
1721
1722
1722
1722
1722
1722
1722
1723
1723
1723
1723
1723
1723
1723
1723
1723
1723
1723
1723
1723
1724
1724
1724
1724
1724
1724
1724
1724
1724
1725
1725
1725
1725
1725
1725
1725
1725
1725
1725
1725
1726
1726
1726
1726
1726
1726
1726
1726
1727
1727
1727
1727
1727
1727
1727
1727
1727
1727
1727
1727
1727
1727
1728
1728
1728
1728
1728
1728
1728
1728
1728
1728
1728
1728
1728
1728
1728
1728
1728
1728
1729
1729
1729
1729
1729
1729
1729
1729
1729
1729
1729
1729
1729
1729
1729
1729
1729
1729
1729
1730
1730
1730
1730
1730
1730
1730
1730
1730
1730
1730
1730
1730
1730
1730
1730
1730
1730
1730
1730
1730
1730
1730
1730
1730
1730
1730
1730
1730
1731
1731
1731
1731
1731
1731
1731
1731
1731
1731
1731
1731
1731
1731
1731
1731
1731
1731
1731
1731
1731
1731
1731
1731
1731
1731
1731
1731
1731
1731
1731
1732
1732
1732
1732
1732
1732
1732
1732
1732
1732
1732
1732
1732
1732
1732
1732
1732
1732
1732
1732
1732
1732
1732
1732
1732
1732
1732
1732
1732
1732
1732
1732
1732
1732
1732
1732
1732
1732
1732
1732
1733
1733
1733
1733
1733
1733
1733
1733
1733
1733
1733
1733
1733
1733
1733
1733
1733
1733
1733
1733
1733
1733
1733
1733
1733
1733
1733
1733
1733
1733
1733
1733
1733
1733
1733
1733
1733
1733
1733
1733
1733
1733
1733
1733
1733
1733
1733
1734
1734
1734
1734
1734
1734
1734
1734
1734
1734
1734
1734
1734
1734
1734
1734
1734
1734
1734
1734
1734
1734
1734
1734
1734
1734
1734
1734
1734
1734
1734
1734
1734
1734
1734
1734
1734
1734
1734
1734
1734
1735
1735
1735
1735
1735
1735
1735
1735
1735
1735
1735
1735
1735
1735
1735
1735
1735
1735
1735
1735
1735
1735
1735
1735
1735
1735
1735
1735
1735
1735
1735
1735
1735
1735
1735
1735
1735
1735
1735
1735
1735
1735
1735
1735
1735
1735
1735
1735
1735
1735
1735
1735
1735
1735
1735
1735
1735
1735
1736
1736
1736
1736
1736
1736
1736
1736
1736
1736
1736
1736
1736
1736
1736
1736
1736
1736
1736
1736
1736
1736
1736
1736
1736
1736
1736
1736
1736
1736
1736
1736
1736
1736
1736
1736
1736
1736
1736
1736
1736
1736
1736
1736
1736
1736
1736
1736
1736
1736
1736
1736
1736
1736
1736
1736
1736
1737
1737
1737
1737
1737
1737
1737
1737
1737
1737
1737
1737
1737
1737
1737
1737
1737
1737
1737
1737
1737
1737
1737
1737
1737
1737
1737
1737
1737
1737
1737
1737
1737
1737
1737
1737
1737
1737
1737
1737
1737
1737
1737
1737
1737
1737
1737
1737
1737
1737
1737
1737
1737
1737
1737
1737
1737
1737
1737
1737
1737
1737
1737
1737
1737
1738
1738
1738
1738
1738
1738
1738
1738
1738
1738
1738
1738
1738
1738
1738
1738
1738
1738
1738
1738
1738
1738
1738
1738
1738
1738
1738
1738
1738
1738
1738
1738
1738
1738
1738
1738
1738
1738
1738
1738
1738
1738
1738
1738
1738
1738
1738
1738
1738
1738
1738
1738
1738
1738
1738
1738
1738
1738
1738
1738
1738
1738
1738
1738
1738
1738
1738
1738
1738
1738
1738
1739
1739
1739
1739
1739
1739
1739
1739
1739
1739
1739
1739
1739
1739
1739
1739
1739
1739
1739
1739
1739
1739
1739
1739
1739
1739
1739
1739
1739
1739
1739
1739
1739
1739
1739
1739
1739
1739
1739
1739
1739
1739
1739
1739
1739
1739
1739
1739
1739
1739
1739
1739
1739
1739
1739
1739
1739
1739
1739
1739
1739
1740
1740
1740
1740
1740
1740
1740
1740
1740
1740
1740
1740
1740
1740
1740
1740
1740
1740
1740
1740
1740
1740
1740
1740
1740
1740
1740
1740
1740
1740
1740
1740
1740
1740
1740
1740
1740
1740
1740
1740
1740
1740
1740
1740
1740
1740
1740
1740
1740
1740
1740
1740
1740
1740
1740
1740
1740
1741
1741
1741
1741
1741
1741
1741
1741
1741
1741
1741
1741
1741
1741
1741
1741
1741
1741
1741
1741
1741
1741
1741
1741
1741
1741
1741
1741
1741
1741
1741
1741
1741
1741
1741
1741
1741
1741
1741
1741
1741
1741
1741
1741
1741
1741
1741
1741
1741
1741
1741
1741
1741
1741
1741
1741
1741
1741
1741
1741
1741
1741
1742
1742
1742
1742
1742
1742
1742
1742
1742
1742
1742
1742
1742
1742
1742
1742
1742
1742
1742
1742
1742
1742
1742
1742
1742
1742
1742
1742
1742
1742
1742
1742
1742
1742
1742
1742
1742
1742
1742
1742
1742
1742
1742
1742
1742
1742
1742
1742
1742
1742
1742
1742
1742
1742
1742
1742
1743
1743
1743
1743
1743
1743
1743
1743
1743
1743
1743
1743
1743
1743
1743
1743
1743
1743
1743
1743
1743
1743
1743
1743
1743
1743
1743
1743
1743
1743
1743
1743
1743
1743
1743
1743
1743
1743
1743
1743
1743
1743
1743
1743
1743
1744
1744
1744
1744
1744
1744
1744
1744
1744
1744
1744
1744
1744
1744
1744
1744
1744
1744
1744
1744
1744
1744
1744
1744
1744
1744
1744
1744
1744
1744
1744
1744
1744
1744
1744
1744
1744
1744
1744
1744
1744
1744
1744
1744
1744
1744
1744
1744
1744
1744
1744
1744
1744
1744
1744
1744
1744
1744
1744
1744
1744
1745
1745
1745
1745
1745
1745
1745
1745
1745
1745
1745
1745
1745
1745
1745
1745
1745
1745
1745
1745
1745
1745
1745
1745
1745
1745
1745
1745
1745
1745
1745
1745
1745
1745
1745
1745
1745
1745
1745
1745
1745
1745
1745
1745
1745
1746
1746
1746
1746
1746
1746
1746
1746
1746
1746
1746
1746
1746
1746
1746
1746
1746
1746
1746
1746
1746
1746
1746
1746
1746
1746
1746
1746
1746
1746
1746
1746
1746
1746
1746
1746
1746
1746
1746
1746
1746
1746
1746
1746
1746
1746
1746
1746
1746
1746
1746
1746
1746
1746
1746
1746
1747
1747
1747
1747
1747
1747
1747
1747
1747
1747
1747
1747
1747
1747
1747
1747
1747
1747
1747
1747
1747
1747
1747
1747
1747
1747
1747
1747
1747
1747
1747
1747
1747
1747
1748
1748
1748
1748
1748
1748
1748
1748
1748
1748
1748
1748
1748
1748
1748
1748
1748
1748
1748
1748
1748
1748
1748
1748
1748
1748
1748
1748
1748
1748
1748
1748
1749
1749
1749
1749
1749
1749
1749
1749
1749
1749
1749
1749
1749
1749
1749
1749
1749
1749
1749
1749
1749
1749
1749
1749
1749
1749
1749
1749
1750
1750
1750
1750
1750
1750
1750
1750
1750
1750
1750
1750
1750
1750
1750
1750
1750
1750
1750
1750
1750
1750
1750
1750
1750
1750
1750
1750
1750
1750
1750
1750
1750
1750
1750
1750
1750
1750
1750
1751
1751
1751
1751
1751
1751
1751
1751
1751
1751
1751
1751
1751
1751
1751
1751
1751
1751
1751
1751
1751
1751
1751
1751
1751
1752
1752
1752
1752
1752
1752
1752
1752
1752
1752
1752
1752
1752
1752
1752
1752
1752
1752
1752
1752
1752
1752
1752
1752
1753
1753
1753
1753
1753
1753
1753
1753
1753
1753
1753
1753
1753
1753
1753
1753
1753
1753
1753
1753
1753
1753
1754
1754
1754
1754
1754
1754
1754
1754
1754
1754
1754
1754
1754
1754
1754
1754
1754
1754
1754
1754
1754
1754
1755
1755
1755
1755
1755
1755
1755
1755
1755
1755
1755
1755
1755
1755
1755
1755
1755
1755
1755
1755
1755
1755
1755
1756
1756
1756
1756
1756
1756
1756
1756
1756
1756
1756
1756
1756
1756
1756
1756
1756
1756
1756
1757
1757
1757
1757
1757
1757
1757
1757
1757
1757
1757
1757
1757
1757
1757
1757
1757
1757
1757
1757
1758
1758
1758
1758
1758
1758
1758
1758
1758
1758
1758
1758
1758
1758
1758
1758
1758
1758
1758
1758
1758
1759
1759
1759
1759
1759
1759
1759
1759
1759
1759
1759
1759
1759
1759
1759
1759
1759
1759
1759
1759
1800
1800
1800
1800
1800
1800
1800
1800
1800
1800
1800
1800
1800
1800
1800
1800
1800
1800
1800
1800
1801
1801
1801
1801
1801
1801
1801
1801
1801
1801
1801
1801
1801
1801
1801
1802
1802
1802
1802
1802
1802
1802
1802
1802
1802
1803
1803
1803
1803
1803
1803
1803
1803
1803
1803
1803
1803
1803
1803
1803
1804
1804
1804
1804
1804
1804
1804
1804
1804
1804
1804
1804
1805
1805
1805
1805
1805
1805
1805
1805
1805
1805
1805
1805
1805
1805
1805
1805
1805
1805
1805
1805
1805
1805
1805
1805
1805
1805
1805
1806
1806
1806
1806
1806
1806
1806
1806
1806
1806
1806
1806
1806
1807
1807
1807
1807
1807
1807
1807
1807
1807
1807
1807
1807
1807
1808
1808
1808
1808
1808
1808
1808
1808
1808
1809
1809
1809
1809
1809
1809
1809
1809
1809
1809
1810
1810
1810
1810
1810
1810
1810
1810
1810
1810
1810
1811
1811
1811
1811
1811
1811
1811
1811
1811
1811
1811
1812
1812
1812
1812
1812
1812
1812
1812
1812
1812
1813
1813
1813
1813
1813
1813
1813
1813
1813
1813
1813
1813
1814
1814
1814
1814
1814
1814
1814
1814
1814
1814
1814
1814
1814
1814
1814
1815
1815
1815
1815
1815
1815
1816
1816
1816
1816
1816
1816
1816
1816
1816
1816
1817
1817
1817
1817
1817
1817
1817
1817
1817
1817
1817
1817
1817
1817
1817
1817
1818
1818
1818
1818
1818
1818
1818
1818
1818
1818
1819
1819
1819
1819
1819
1820
1820
1820
1820
1820
1820
1820
1821
1821
1821
1821
1821
1821
1821
1821
1821
1821
1821
1821
1822
1822
1822
1822
1822
1822
1822
1823
1823
1823
1823
1823
1823
1823
1823
1823
1823
1823
1824
1824
1824
1824
1825
1825
1825
1825
1825
1825
1825
1825
1826
1826
1826
1826
1826
1826
1826
1827
1827
1827
1827
1827
1827
1827
1827
1828
1828
1828
1828
1829
1829
1829
1829
1830
1830
1830
1830
1830
1830
1830
1831
1831
1831
1831
1831
1831
1831
1832
1832
1832
1832
1832
1832
1832
1833
1833
1834
1834
1834
1834
1835
1835
1835
1835
1835
1835
1835
1836
1836
1836
1837
1837
1838
1838
1838
1839
1839
1839
1839
1839
1840
1840
1841
1841
1841
1841
1842
1842
1842
1842
1842
1842
1843
1843
1843
1843
1843
1843
1844
1844
1844
1844
1844
1844
1844
1845
1845
1846
1846
1846
1846
1847
1847
1847
1847
1847
1847
1847
1847
1848
1848
1848
1848
1848
1848
1849
1849
1849
1849
1850
1850
1850
1850
1850
1850
1851
1851
1852
1852
1852
1852
1853
1853
1854
1855
1855
1855
1856
1856
1856
1856
1857
1857
1857
1858
1858
1858
1859
1859
1859
1859
1859
1859
1859
1859
1859
1900
1900
1900
1900
1901
1901
1901
1901
1902
1902
1902
1902
1902
1902
1903
1903
1903
1904
1904
1904
1904
1904
1904
1904
1905
1905
1905
1905
1905
1905
1906
1906
1906
1906
1906
1907
1907
1907
1907
1907
1907
1908
1908
1908
1908
1908
1909
1909
1909
1909
1909
1909
1909
1911
1911
1911
1911
1912
1912
1912
1913
1913
1913
1913
1913
1914
1914
1914
1914
1914
1914
1915
1916
1916
1917
1917
1917
1917
1918
1918
1918
1919
1919
1919
1920
1920
1920
1921
1922
1922
1922
1923
1923
1923
1923
1924
1924
1924
1925
1925
1925
1925
1925
1926
1926
1926
1926
1926
1926
1926
1926
1927
1927
1927
1928
1928
1928
1928
1928
1929
1930
1930
1930
1930
1930
1930
1930
1931
1931
1931
1931
1932
1932
1932
1932
1932
1932
1932
1932
1932
1932
1933
1933
1933
1933
1933
1933
1933
1933
1933
1933
1933
1933
1933
1933
1933
1934
1934
1934
1934
1934
1935
1935
1935
1935
1935
1935
1935
1935
1935
1935
1935
1935
1935
1935
1936
1936
1936
1936
1937
1937
1937
1937
1937
1937
1937
1937
1937
1938
1938
1938
1938
1938
1938
1938
1939
1939
1939
1939
1939
1939
1939
1939
1940
1940
1940
1940
1940
1940
1940
1940
1940
1940
1940
1940
1941
1941
1941
1941
1941
1941
1941
1941
1941
1942
1942
1942
1942
1942
1942
1942
1942
1942
1942
1942
1942
1942
1943
1943
1943
1943
1943
1943
1943
1943
1943
1943
1944
1944
1944
1944
1944
1944
1944
1944
1944
1944
1945
1945
1945
1945
1945
1945
1945
1946
1946
1946
1946
1947
1947
1947
1947
1947
1948
1948
1948
1949
1949
1949
1949
1949
1950
1950
1950
1950
1950
1950
1951
1952
1952
1952
1952
1952
1952
1953
1954
1954
1954
1954
1954
1954
1954
1954
1955
1955
1955
1955
1955
1955
1955
1955
1956
1956
1956
1956
1956
1956
1957
1957
1957
1957
1957
1957
1957
1957
1958
1958
1958
1958
1958
1959
1959
1959
1959
1959
1959
1959
2000
2000
2001
2001
2002
2002
2002
2002
2002
2002
2002
2003
2003
2003
2003
2004
2004
2004
2004
2005
2005
2005
2005
2005
2005
2006
2006
2006
2006
2007
2007
2007
2007
2007
2008
2008
2008
2009
2009
2009
2009
2009
2009
2009
2010
2010
2010
2010
2010
2010
2010
2010
2011
2011
2011
2011
2012
2012
2015
2015
2015
2016
2016
2016
2016
2016
2016
2016
2017
2017
2017
2017
2017
2017
2018
2018
2018
2018
2018
2019
2019
2019
2019
2019
2020
2020
2020
2020
2021
2021
2021
2021
2021
2021
2021
2021
2021
2021
2021
2022
2022
2022
2023
2023
2024
2024
2024
2024
2024
2024
2024
2024
2024
2024
2025
2025
2025
2025
2025
2025
2025
2025
2025
2026
2026
2026
2026
2026
2027
2027
2027
2027
2027
2027
2027
2027
2028
2028
2028
2029
2029
2030
2030
2030
2030
2031
2031
2031
2031
2032
2033
2033
2033
2034
2034
2034
2035
2035
2035
2035
2035
2036
2036
2036
2036
2036
2036
2036
2036
2036
2036
2037
2037
2038
2038
2038
2039
2039
2040
2040
2041
2041
2042
2042
2042
2042
2042
2043
2044
2044
2045
2045
2045
2045
2046
2047
2047
2047
2047
2048
2049
2049
2050
2051
2051
2052
2052
2052
2052
2052
2053
2053
2054
2054
2054
2055
2056
2056
2056
2057
2057
2058
2058
2100
2100
2100
2100
2101
2102
2102
2103
2103
2103
2103
2103
2103
2103
2103
2104
2104
2104
2104
2104
2104
2104
2105
2105
2105
2105
2105
2105
2105
2105
2106
2106
2106
2107
2107
2107
2107
2107
2108
2108
2108
2108
2108
2108
2108
2108
2108
2109
2109
2109
2109
2109
2109
2110
2110
2110
2110
2110
2110
2110
2110
2111
2111
2111
2111
2111
2111
2111
2111
2111
2111
2111
2111
2111
2111
2112
2112
2112
2112
2112
2112
2112
2112
2112
2112
2112
2112
2113
2113
2113
2114
2114
2114
2114
2114
2114
2114
2115
2115
2115
2115
2115
2115
2115
2115
2115
2116
2116
2116
2116
2117
2117
2117
2117
2117
2117
2117
2118
2118
2118
2118
2118
2118
2118
2119
2119
2119
2119
2119
2120
2120
2120
2120
2120
2121
2121
2121
2121
2122
2123
2123
2123
2124
2124
2125
2126
2126
2126
2126
2126
2127
2127
2127
2127
2128
2128
2128
2128
2128
2128
2129
2130
2130
2130
2130
2130
2131
2131
2131
2131
2132
2132
2132
2132
2133
2133
2133
2134
2134
2134
2134
2135
2135
2135
2136
2137
2137
2137
2138
2140
2140
2140
2141
2142
2143
2143
2143
2143
2144
2144
2144
2144
2144
2145
2145
2145
2145
2146
2146
2146
2146
2146
2146
2146
2147
2147
2147
2148
2148
2148
2148
2149
2150
2150
2150
2150
2150
2150
2151
2151
2151
2152
2152
2152
2152
2152
2152
2152
2152
2153
2153
2154
2154
2154
2154
2154
2155
2155
2155
2155
2155
2155
2156
2156
2156
2156
2156
2157
2157
2158
2158
2158
2158
2159
2159
2159
2159
2200
2200
2200
2200
2200
2201
2201
2201
2202
2203
2203
2203
2203
2204
2204
2204
2204
2204
2204
2204
2205
2205
2205
2206
2206
2206
2206
2207
2207
2207
2208
2208
2208
2209
2209
2209
2209
2209
2209
2209
2209
2210
2210
2210
2210
2210
2211
2211
2211
2211
2211
2211
2212
2212
2212
2212
2212
2212
2213
2213
2213
2213
2213
2213
2214
2214
2215
2215
2215
2215
2215
2215
2215
2215
2215
2215
2216
2216
2216
2216
2216
2216
2217
2217
2217
2217
2217
2217
2217
2217
2217
2217
2218
2218
2218
2218
2219
2219
2219
2219
2219
2219
2219
2220
2220
2221
2221
2222
2222
2222
2223
2223
2223
2223
2223
2223
2224
2224
2225
2225
22