0
3
5
7
9
10
13
14
16
20
23
26
27
29
31
32
33
34
35
36
37
41
43
46
48
49
51
53
56
60
64
65
68
69
70
72
73
74
79
82
83
89
92
95
96
97
100
104
106
109
111
112
114
117
118
119
129
134
136
138
140
141
142
146
148
149
151
156
161
162
163
169
172
173
175
179
180
181
182
184
186
187
199
201
202
203
208
209
212
214
216
219
221
222
224
225
226
228
234
236
242
243
244
245
247
249
251
252
253
254
255
258
259
260
261
265
267
269
271
272
273
274
275
277
278
279
280
281
282
283
284
286
287
288
289
290
291
292
293
294
295
296
297
298
299
300
302
303
304
305
306
307
308
309
310
311
313
314
315
316
317
318
319
320
321
322
323
324
325
326
327
613
