100
12
51
23
53
20
65
84
25
99
69
36
113
74
78
62
46
90
98
128
64
100
44
82
50
17
46
31
40
63
8
8
50
163
79
23
3
76
98
92
8
8
113
49
91
119
78
84
39
58
0
90
9
41
99
152
166
152
77
61
118
130
55
128
46
29
68
148
23
14
16
2
122
143
171
66
123
91
149
75
77
87
131
44
8
155
99
10
188
144
189
8
118
134
72
75
13
65
69
80
86
67
52
123
90
56
100
167
77
69
59
183
134
136
46
45
31
35
26
18
44
23
61
155
30
142
70
33
34
4
137
7
25
4
65
6
84
188
86
160
63
197
36
79
97
49
76
184
29
98
46
188
92
31
28
41
0
157
98
49
49
77
60
22
98
50
23
41
180
99
42
31
120
70
89
0
68
55
29
84
44
82
55
105
158
44
27
24
3
42
23
58
85
20
44
168
137
62
84
143
63
26
92
89
55
15
77
60
88
18
58
29
2
158
106
41
3
37
180
92
47
88
43
22
21
56
54
56
2
30
4
114
164
138
4
97
104
85
197
149
75
10
74
45
17
58
16
63
41
61
18
20
64
42
26
16
54
28
77
199
66
30
86
52
16
86
17
86
99
141
26
75
187
90
94
52
129
68
62
118
58
63
197
26
56
17
73
132
86
124
104
40
67
1
54
36
44
105
65
66
100
1
43
6
76
132
71
56
0
53
31
85
149
67
132
98
29
13
32
36
40
98
55
83
46
47
102
90
19
60
135
87
95
62
20
98
37
37
96
74
0
48
93
98
85
83
88
10
76
89
98
50
96
82
86
146
190
71
39
77
58
41
182
43
28
79
72
115
37
30
47
40
87
5
74
32
87
5
81
184
99
193
42
3
0
106
58
24
46
80
24
91
88
134
65
74
25
10
37
67
95
62
122
49
90
197
65
17
79
196
43
88
31
20
5
28
146
23
63
104
71
3
1
183
158
157
40
41
139
5
10
132
198
80
15
191
99
54
185
84
71
7
147
76
68
13
125
11
72
56
13
12
43
55
71
20
29
44
38
61
103
27
88
49
16
63
198
74
84
131
178
25
158
100
144
13
72
89
0
3
34
49
35
72
145
67
137
87
31
133
47
48
63
86
21
75
22
64
67
92
7
20
47
64
16
59
96
53
34
19
139
58
192
98
42
64
75
33
12
30
20
199
38
92
30
31
113
151
57
12
51
177
4
51
17
139
71
44
1
93
193
100
130
22
17
33
82
59
28
60
37
103
58
60
54
97
114
90
2
9
18
17
104
158
154
5
93
15
5
0
2
73
145
43
17
34
32
7
144
63
46
50
151
6
36
75
5
86
127
98
0
26
80
67
8
7
68
25
84
15
52
1
19
92
23
52
94
89
89
77
92
131
27
94
58
195
7
24
20
49
6
9
86
152
17
1
188
162
110
181
70
185
80
163
131
97
146
98
165
88
112
59
91
76
48
101
48
25
70
76
55
67
30
43
100
31
69
0
55
103
139
22
183
174
44
32
100
59
43
43
105
68
20
135
100
14
50
138
65
187
51
68
52
197
0
19
51
76
79
196
125
194
79
147
8
75
57
5
21
41
53
75
3
92
134
96
63
37
1
196
50
66
87
193
57
67
23
84
90
136
47
150
57
32
27
77
114
156
85
85
32
22
20
51
85
68
51
74
166
78
61
174
133
120
81
116
63
47
49
6
134
33
169
33
85
166
32
22
171
186
0
24
69
105
101
46
5
92
66
64
23
50
21
53
44
126
91
170
162
155
57
52
79
60
181
22
94
89
47
117
32
2
0
84
46
75
51
170
199
180
87
98
92
11
158
185
77
134
137
121
60
58
177
123
143
84
21
118
98
7
74
73
79
161
31
200
65
71
104
53
47
7
42
90
7
73
141
58
98
94
72
95
54
77
20
43
99
16
77
105
79
1
29
48
25
82
12
136
1
31
50
60
12
15
54
51
24
90
13
55
11
23
187
8
29
110
8
87
23
61
73
65
132
16
35
86
38
5
68
5
13
113
49
24
84
33
81
68
124
80
16
2
49
42
14
11
56
105
121
7
72
40
76
77
163
94
63
14
81
75
96
9
25
113
55
70
23
161
88
27
6
94
47
134
93
32
164
46
25
16
26
97
0
20
61
142
70
153
7
7
93
86
54
29
79
58
113
74
31
36
92
29
61
6
52
156
47
64
156
195
88
83
10
61
63
12
71
65
131
55
103
126
143
136
75
14
12
62
2
169
96
23
168
6
26
32
170
90
40
82
24
195
43
70
39
77
10
30
19
75
45
26
83
92
137
61
96
57
60
27
66
42
70
33
31
66
45
69
50
61
72
60
65
115
2
80
47
38
14
106
11
77
14
57
108
138
90
149
0
139
84
54
114
58
191
97
71
23
8
89
132
27
176
15
176
7
33
48
17
44
46
62
55
80
73
97
14
40
33
86
1
64
43
88
126
29
64
167
81
33
85
19
6
16
21
178
185
103
23
15
76
21
64
157
93
28
151
184
92
27
30
34
65
73
6
200
11
15
70
100
29
36
25
11
121
182
16
42
98
94
156
32
29
61
7
12
105
127
100
22
154
32
35
59
23
42
28
119
72
101
154
26
74
51
39
18
76
18
65
15
37
95
78
30
10
65
102
128
189
111
17
19
100
4
59
58
64
11
96
98
45
173
108
192
82
21
38
79
46
0
62
10
48
45
54
127
58
26
34
89
27
66
91
179
92
9
80
134
38
12
76
24
63
100
111
25
6
167
43
54
89
44
31
59
27
87
8
38
152
18
47
31
48
16
40
78
71
82
170
160
129
54
40
34
81
100
156
21
32
97
34
58
0
99
27
80
42
22
64
29
102
21
39
136
53
10
76
63
83
62
18
58
87
70
43
104
100
34
0
22
63
111
166
42
56
163
13
50
116
168
99
86
97
43
167
10
53
94
170
40
22
34
177
6
189
98
39
26
68
76
63
93
62
63
5
3
75
65
94
20
67
119
14
96
12
4
171
193
1
191
29
7
3
175
175
13
9
71
163
168
48
198
92
178
78
44
71
4
8
89
5
50
37
56
10
83
89
60
25
50
21
44
30
72
93
25
121
84
69
71
37
21
13
177
60
13
11
185
21
106
34
20
71
150
48
100
97
155
64
99
62
13
28
68
50
38
2
33
172
118
32
40
54
128
63
70
39
55
36
99
10
91
16
100
67
59
77
45
60
87
63
147
23
41
51
91
15
51
6
194
66
147
193
5
45
67
93
78
84
49
43
81
87
52
61
80
168
27
35
103
97
52
188
20
21
46
73
114
23
39
0
181
58
76
187
144
108
73
73
17
86
59
131
60
33
9
16
71
40
173
71
59
59
162
48
34
37
44
68
41
38
69
73
74
31
107
22
71
154
178
87
23
105
112
100
16
31
134
12
18
0
60
45
27
92
89
46
0
76
146
21
3
100
36
25
74
71
33
52
14
67
78
117
68
149
31
68
50
130
199
29
14
38
38
112
78
49
9
40
22
133
7
4
95
57
29
121
22
160
1
73
31
60
50
60
8
71
14
52
50
36
92
23
86
128
188
70
65
29
4
110
86
41
80
7
132
61
44
128
36
171
65
136
38
93
59
19
43
94
26
4
77
189
82
70
34
49
2
65
78
62
56
6
108
76
82
157
73
76
2
19
51
74
86
31
8
37
36
91
0
69
54
72
194
91
83
57
37
69
116
191
70
36
4
3
49
46
112
72
102
105
10
11
66
16
70
77
145
119
5
73
87
87
164
73
6
18
61
85
110
192
73
60
9
42
127
159
125
87
38
14
79
76
74
70
2
40
16
16
133
102
20
2
33
146
3
100
67
88
3
91
69
165
166
78
13
78
40
41
129
74
178
156
81
73
36
137
20
49
11
20
62
25
66
8
86
84
70
155
10
166
101
80
69
45
51
84
94
37
80
74
36
21
23
153
2
164
83
75
0
10
9
62
15
44
84
89
97
139
75
76
83
26
79
83
50
0
3
21
87
82
24
10
55
133
71
40
183
134
76
20
9
22
55
52
181
79
82
65
73
13
29
90
30
91
28
66
86
10
46
98
63
88
91
74
60
83
61
3
102
32
100
9
181
167
47
66
90
97
167
141
178
117
17
165
16
74
17
46
86
100
141
48
120
54
67
3
2
72
17
67
24
28
164
180
91
20
98
148
145
43
27
119
79
84
59
138
16
133
1
31
23
63
122
1
46
50
49
84
91
74
33
117
6
33
7
193
72
16
55
77
30
167
73
21
64
4
55
169
6
109
5
100
44
13
49
80
12
31
35
39
144
35
43
6
166
13
82
148
72
29
14
39
6
4
114
194
2
92
66
85
102
21
101
25
80
62
99
121
142
36
9
181
118
122
63
89
14
14
82
51
33
117
82
49
82
52
11
24
80
136
8
18
85
60
169
131
66
63
74
96
21
165
65
72
187
56
24
18
61
78
14
33
114
93
162
89
89
92
82
62
131
118
76
78
45
86
95
9
83
32
25
69
52
13
198
90
38
40
81
67
35
189
71
6
40
80
108
170
119
154
47
19
1
24
184
15
32
0
26
56
87
155
67