77,2222222222222
14,4444444444444
40
26,6666666666667
30,5555555555556
23,3333333333333
28,8888888888889
87,7777777777778
26,1111111111111
21,1111111111111
98,3333333333333
70,5555555555556
71,6666666666667
80
52,7777777777778
50
15
5,55555555555556
46,6666666666667
27,2222222222222
55,5555555555556
88,3333333333333
65
41,6666666666667
86,6666666666667
2,22222222222222
30
41,1111111111111
68,3333333333333
8,33333333333333
28,3333333333333
93,8888888888889
27,2222222222222
51,1111111111111
96,1111111111111
43,8888888888889
37,7777777777778
7,22222222222222
35,5555555555556
32,7777777777778
77,7777777777778
28,3333333333333
83,3333333333333
92,7777777777778
27,7777777777778
28,8888888888889
36,6666666666667
57,2222222222222
70,5555555555556
56,6666666666667
4,44444444444444
11,1111111111111
45,5555555555556
92,7777777777778
76,6666666666667
27,2222222222222
85,5555555555556
38,3333333333333
67,7777777777778
81,1111111111111
38,8888888888889
53,8888888888889
44,4444444444444
33,8888888888889
43,3333333333333
97,2222222222222
10
42,7777777777778
87,7777777777778
66,6666666666667
82,2222222222222
68,8888888888889
86,6666666666667
68,8888888888889
45
65
16,6666666666667
18,3333333333333
0,555555555555556
14,4444444444444
50
91,1111111111111
67,2222222222222
78,8888888888889
77,2222222222222
59,4444444444444
0
38,8888888888889
12,2222222222222
82,2222222222222
6,66666666666667
9,44444444444444
32,7777777777778
57,2222222222222
8,33333333333333
20
96,6666666666667
17,7777777777778
40
71,6666666666667
1,11111111111111
35,5555555555556
81,6666666666667
15
86,1111111111111
72,7777777777778
42,2222222222222
25,5555555555556
13,8888888888889
86,6666666666667
83,3333333333333
85
88,3333333333333
59,4444444444444
49,4444444444444
39,4444444444444
38,8888888888889
33,3333333333333
77,2222222222222
9,44444444444444
16,1111111111111
47,7777777777778
90
96,1111111111111
22,2222222222222
37,7777777777778
31,6666666666667
91,6666666666667
58,3333333333333
99,4444444444444
98,3333333333333
75,5555555555556
71,1111111111111
13,8888888888889
38,3333333333333
81,1111111111111
49,4444444444444
54,4444444444444
66,6666666666667
51,6666666666667
95
85,5555555555556
82,7777777777778
58,8888888888889
79,4444444444444
88,3333333333333
17,2222222222222
83,3333333333333
41,1111111111111
72,7777777777778
83,3333333333333
58,3333333333333
87,7777777777778
97,2222222222222
38,3333333333333
